# point number in a profile
187
#r  U_mean  k  eps
0.0000000000000000E+00 5.8911629093499864E-16 1.4424413801431693E-23 1.8166492592295420E-02
3.9404725682773423E-04 9.7447727131326801E-03 7.4136934277055029E-06 1.7880202479936481E-02
7.8827676013193404E-04 1.9486303621659345E-02 2.9439031448131511E-05 1.7631571846483129E-02
1.1828708406778632E-03 2.9228917413238482E-02 6.5802935693244841E-05 1.7414742199786684E-02
1.5780119978472951E-03 3.8976813080040945E-02 1.1629143368077261E-04 1.7224708419334375E-02
1.9738829840446614E-03 4.8734059202943589E-02 1.8074118284974112E-04 1.7057151332310411E-02
2.3706668892193861E-03 5.8504588971434707E-02 2.5903156201348513E-04 1.6908303478853977E-02
2.7685472255452037E-03 6.8292194898260383E-02 3.5107724576521508E-04 1.6774843642048537E-02
3.1677080122941015E-03 7.8100523203518013E-02 4.5682118741542541E-04 1.6653816277770527E-02
3.5683338609451276E-03 8.7933067859465419E-02 5.7622794598854738E-04 1.6542572394704965E-02
3.9706100605671479E-03 9.7793164305196481E-02 7.0927730289630409E-04 1.6438728731623581E-02
4.3747226635146852E-03 1.0768398908566502E-01 8.5595824046103301E-04 1.6340148693323085E-02
4.7808585714770868E-03 1.1760855839787163E-01 1.0162631693788992E-03 1.6244889457964363E-02
5.1892056219203231E-03 1.2756969395453513E-01 1.1901817949336844E-03 1.6151276485548219E-02
5.5999526749614947E-03 1.3757001401239236E-01 1.3776952059938560E-03 1.6057812443869821E-02
6.0132897007167951E-03 1.4761194834640592E-01 1.5787715491049205E-03 1.5963200387834883E-02
6.4294078671621180E-03 1.5769772612467192E-01 1.7933617753812135E-03 1.5866447395792946E-02
6.8484996285483879E-03 1.6782937594914643E-01 2.0213943580273471E-03 1.5766606385678304E-02
7.2707588144112489E-03 1.7800874758957735E-01 2.2627697302962202E-03 1.5662630866705402E-02
7.6963807192170774E-03 1.8823749761711348E-01 2.5173549476164092E-03 1.5556537696268207E-02
8.1255621926866195E-03 1.9851695428161609E-01 2.7849643165938670E-03 1.5447053957041646E-02
8.5585017308376088E-03 2.0884822654975102E-01 3.0654093300761420E-03 1.5332787332010472E-02
8.9953995677891641E-03 2.1923218505908035E-01 3.3584518879606743E-03 1.5214143273813693E-02
9.4364577683697104E-03 2.2966945593869981E-01 3.6638029879621095E-03 1.5091671894826283E-02
9.8818803215717788E-03 2.4016041623471177E-01 3.9811234804165195E-03 1.4966057080186076E-02
1.0331873234896927E-02 2.5070518921888701E-01 4.3100247316066572E-03 1.4838058659956398E-02
1.0786644629633801E-02 2.6130363985749655E-01 4.6500692400949046E-03 1.4708568885164801E-02
1.1246404837114088E-02 2.7195537011560661E-01 5.0007712548065771E-03 1.4578531029803327E-02
1.1711366495990527E-02 2.8265971516576416E-01 5.3615974367497970E-03 1.4448937002792291E-02
1.2181744650582194E-02 2.9341573950838779E-01 5.7319676178878001E-03 1.4320818000859886E-02
1.2657756850332103E-02 3.0422223406883270E-01 6.1112557021773973E-03 1.4195218139913696E-02
1.3139623250423837E-02 3.1507771383629074E-01 6.4987907609477414E-03 1.4073181847772393E-02
1.3627566713602934E-02 3.2598041651078463E-01 6.8938583725743144E-03 1.3955734727224013E-02
1.4121812913250764E-02 3.3692830234659732E-01 7.2957022566631363E-03 1.3843861646819236E-02
1.4622590437758209E-02 3.4791905500329018E-01 7.7035262539017126E-03 1.3738492847003420E-02
1.5130130896247651E-02 3.5895008384934901E-01 8.1164966972030635E-03 1.3640486251591139E-02
1.5644669025691837E-02 3.7001852770732868E-01 8.5337452162084580E-03 1.3550610041728098E-02
1.6166442799479763E-02 3.8112126009481273E-01 8.9543720077980837E-03 1.3469536548284292E-02
1.6695693537478795E-02 3.9225489618473885E-01 9.3774495912180792E-03 1.3397813389229534E-02
1.7232666017645004E-02 4.0341579347868073E-01 9.8020258368321754E-03 1.3335836044697217E-02
1.7777608589232941E-02 4.1460008640822354E-01 1.0227133209379732E-02 1.3283978441407822E-02
1.8330773287656643E-02 4.2580365900158401E-01 1.0651785264882002E-02 1.3242197617692122E-02
1.8892415951055896E-02 4.3702220532121278E-01 1.1074993927884217E-02 1.3210413621796082E-02
1.9462796338621136E-02 4.4825119856789897E-01 1.1495763058967923E-02 1.3189060720235721E-02
2.0042178250731790E-02 4.5948593906947560E-01 1.1913103773186929E-02 1.3176931480889276E-02
2.0630829650963689E-02 4.7072155322679582E-01 1.2326037446386905E-02 1.3174314831790901E-02
2.1229022790022090E-02 4.8195301592207745E-01 1.2733598794836631E-02 1.3179924433374133E-02
2.1837034331657068E-02 4.9317517093583874E-01 1.3134849707071836E-02 1.3193284224301249E-02
2.2455145480620609E-02 5.0438274235558700E-01 1.3528878193554741E-02 1.3213630846022001E-02
2.3083642112723235E-02 5.1557035340992596E-01 1.3914803284323960E-02 1.3241065131082233E-02
2.3722814907051526E-02 5.2673253933908959E-01 1.4291778191171665E-02 1.3273289427121736E-02
2.4372959480406631E-02 5.3786375849076362E-01 1.4658991061113479E-02 1.3310284016614179E-02
2.5034376524027069E-02 5.4895840986407052E-01 1.5015659237638482E-02 1.3351156314496146E-02
2.5707371942657931E-02 5.6001085387520888E-01 1.5361039631075256E-02 1.3393349530879527E-02
2.6392256996031649E-02 5.7101541910333287E-01 1.5694433645864047E-02 1.3442055469124919E-02
2.7089348442825123E-02 5.8196643427662309E-01 1.6015173309060070E-02 1.3490932604302938E-02
2.7798968687160586E-02 5.9285828877869329E-01 1.6322640820412168E-02 1.3539543143137657E-02
2.8521445927716993E-02 6.0368559255538135E-01 1.6616344066925668E-02 1.3591754405061504E-02
2.9257114309521715E-02 6.1444297639717116E-01 1.6895902567154491E-02 1.3644620567075501E-02
3.0006314078492080E-02 6.2512515438901040E-01 1.7160834300973843E-02 1.3688132124450783E-02
3.0769391738799112E-02 6.3572696581829180E-01 1.7410723715107424E-02 1.3724304004997988E-02
3.1546700213125167E-02 6.4624337234666718E-01 1.7645232580835953E-02 1.3754556206994442E-02
3.2338599005890256E-02 6.5666948031009076E-01 1.7864096137668622E-02 1.3779809242203414E-02
3.3145454369522709E-02 6.6700056220804649E-01 1.8067119025590390E-02 1.3800438467101037E-02
3.3967639473850508E-02 6.7723207703076038E-01 1.8254171040016136E-02 1.3816573672108298E-02
3.4805534578691733E-02 6.8735968909366041E-01 1.8425182745460896E-02 1.3827952612769222E-02
3.5659527209724762E-02 6.9737928501774826E-01 1.8580140979109427E-02 1.3834120054390284E-02
3.6530012337718187E-02 7.0728698854822192E-01 1.8719084275340126E-02 1.3834498394722268E-02
3.7417392561204688E-02 7.1707917293200085E-01 1.8842097862427406E-02 1.3828190181111250E-02
3.8322078292682138E-02 7.2675247325109282E-01 1.8949313512647194E-02 1.3815350668728472E-02
3.9244487948429330E-02 7.3630379389147582E-01 1.9040902395483884E-02 1.3794726058931464E-02
4.0185048142022894E-02 7.4573031113633315E-01 1.9117069388058024E-02 1.3765839758923273E-02
4.1144193881645696E-02 7.5502948253200985E-01 1.9178059625579180E-02 1.3728822713371338E-02
4.2122368771277729E-02 7.6419903234576370E-01 1.9224140518195692E-02 1.3683075147254019E-02
4.3120025215862501E-02 7.7323696503504047E-01 1.9255617037219334E-02 1.3628500035974000E-02
4.4137624630544048E-02 7.8214153773556705E-01 1.9272813652701642E-02 1.3566964037712825E-02
4.5175637654070622E-02 7.9091127511042070E-01 1.9276086535750206E-02 1.3496876886558944E-02
4.6234544366465069E-02 7.9954494139666066E-01 1.9265815192575950E-02 1.3420347969273026E-02
4.7314834511061166E-02 8.0804153714976867E-01 1.9242400433099480E-02 1.3336676569210695E-02
4.8417007721009375E-02 8.1640030161264032E-01 1.9206271151336499E-02 1.3246658559706850E-02
4.9541573750356893E-02 8.2462069008159222E-01 1.9157876711027356E-02 1.3150490702970866E-02
5.0689052709808280E-02 8.3270237479784270E-01 1.9097686073846817E-02 1.3049307193294137E-02
5.1859975307276152E-02 8.4064525799080925E-01 1.9026189772082838E-02 1.2940989172361779E-02
5.3054883093333061E-02 8.4844947893323086E-01 1.8943895880884836E-02 1.2825746120949397E-02
5.4274328711678366E-02 8.5611543617913144E-01 1.8851324027932239E-02 1.2702197109363884E-02
5.5518876154734942E-02 8.6364377332767783E-01 1.8748994342020243E-02 1.2571729016500119E-02
5.6789101024495525E-02 8.7103537408891341E-01 1.8637439426171631E-02 1.2436962010440169E-02
5.8085590798738040E-02 8.7829138784685012E-01 1.8517193225401456E-02 1.2295982984924819E-02
5.9408945102733202E-02 8.8541308881054748E-01 1.8388766251685337E-02 1.2150726496996601E-02
6.0759775986571063E-02 8.9240162543686385E-01 1.8252690287209765E-02 1.2012479046947102E-02
6.2138708208233195E-02 8.9925869237553369E-01 1.8109580443844295E-02 1.1858571544089855E-02
6.3546379522542940E-02 9.0598589716059308E-01 1.7959817858786538E-02 1.1692309828410762E-02
6.4983440976126128E-02 9.1258500928356145E-01 1.7803844885385875E-02 1.1519725153660827E-02
6.6450557208519945E-02 9.1905797099451003E-01 1.7642161901718498E-02 1.1344718407559280E-02
6.7948406759567537E-02 9.2540689280436672E-01 1.7475318895124936E-02 1.1168963318775128E-02
6.9477682383242423E-02 9.3163402874604739E-01 1.7303872766975387E-02 1.0993286921081697E-02
7.1039091368046425E-02 9.3774177664793801E-01 1.7128400283206661E-02 1.0816843758044408E-02
7.2633355864129889E-02 9.4373264321003481E-01 1.6949449734865160E-02 1.0639196733600569E-02
7.4261213217285515E-02 9.4960925365362325E-01 1.6767556161328214E-02 1.0458648795877445E-02
7.5923416309969793E-02 9.5537431533001382E-01 1.6583211029829556E-02 1.0275648340322081E-02
7.7620733909510964E-02 9.6103062311267318E-01 1.6396855572068506E-02 1.0089101407929818E-02
7.9353951023662661E-02 9.6658104659997091E-01 1.6208895040464192E-02 9.8992171845108494E-03
8.1123869263669435E-02 9.7202853085469687E-01 1.6019680901364006E-02 9.7072934520707459E-03
8.2931307215011074E-02 9.7737608642764406E-01 1.5829522505736816E-02 9.5141728647358190E-03
8.4777100815997930E-02 9.8262678442744567E-01 1.5638708707621400E-02 9.3210281250521443E-03
8.6662103744391095E-02 9.8778373940162445E-01 1.5447516260630510E-02 9.1289174441017470E-03
8.8587187812227963E-02 9.9285011344664564E-01 1.5256226882494103E-02 8.9383432321775095E-03
9.0553243369034198E-02 9.9782912553631253E-01 1.5065137813005617E-02 8.7488425298678195E-03
9.2561179713609665E-02 1.0027240597332927E+00 1.4874556929260600E-02 8.5590563520135058E-03
9.4611925514578199E-02 1.0075382664880079E+00 1.4684787684484916E-02 8.3666791715045433E-03
9.6706429239895808E-02 1.0122751637821314E+00 1.4496064123756451E-02 8.1709096101856074E-03
9.8845659595516555E-02 1.0169383094024920E+00 1.4308528127852712E-02 7.9756535295546788E-03
1.0103060597341773E-01 1.0215314403595943E+00 1.4122259198137534E-02 7.7924104872303113E-03
1.0326227890919304E-01 1.0260582836704595E+00 1.3937546726101214E-02 7.6039679598241400E-03
1.0554171054942396E-01 1.0305223023728300E+00 1.3754282018585943E-02 7.4093866362326139E-03
1.0786995512904685E-01 1.0349270404948705E+00 1.3572393652692269E-02 7.2160109086338142E-03
1.1024808945893549E-01 1.0392760747304410E+00 1.3391953723416441E-02 7.0290578508251560E-03
1.1267721342392506E-01 1.0435730426203205E+00 1.3213176661787323E-02 6.8480290485724423E-03
1.1515845049150775E-01 1.0478216021445050E+00 1.3036229182679049E-02 6.6722475051682432E-03
1.1769294823143561E-01 1.0520254257126280E+00 1.2861219534550057E-02 6.5005766944022502E-03
1.2028187884647012E-01 1.0561881947607983E+00 1.2688230573748795E-02 6.3315419623061206E-03
1.2292643971452522E-01 1.0603135929416438E+00 1.2517246545853164E-02 6.1636712122574494E-03
1.2562785394245313E-01 1.0644052898326481E+00 1.2348157011910953E-02 5.9989126554012197E-03
1.2838737093173014E-01 1.0684669034804231E+00 1.2180861041904190E-02 5.8364201256373783E-03
1.3120626695630389E-01 1.0725020352428194E+00 1.2015190098033889E-02 5.6783143529910360E-03
1.3408584575286842E-01 1.0765142523573918E+00 1.1851020929519732E-02 5.5265674475480763E-03
1.3702743912384130E-01 1.0805070106289094E+00 1.1688316912831061E-02 5.3786078587878790E-03
1.4003240755332114E-01 1.0844836739371437E+00 1.1527111835548602E-02 5.2352292765829814E-03
1.4310214083631001E-01 1.0884474744502044E+00 1.1367515595730269E-02 5.0930157010504150E-03
1.4623805872149198E-01 1.0924014913460969E+00 1.1209617904252933E-02 4.9493773454290790E-03
1.4944161156786617E-01 1.0963491260894971E+00 1.1053339801185915E-02 4.8157359777613396E-03
1.5271428101553602E-01 1.1002940222354023E+00 1.0898645216193756E-02 4.6752654169577397E-03
1.5605758067096631E-01 1.1042391696608305E+00 1.0745254163426730E-02 4.5353044654656656E-03
1.5947305680702495E-01 1.1081877398773872E+00 1.0592841724316088E-02 4.4003206628663400E-03
1.6296228907813248E-01 1.1121428038249115E+00 1.0441354624404377E-02 4.2723494376807848E-03
1.6652689125085091E-01 1.1161072919182189E+00 1.0290872539862753E-02 4.1501632233899959E-03
1.7016851195024885E-01 1.1200839210806255E+00 1.0141463875368824E-02 4.0329502735235575E-03
1.7388883542238959E-01 1.1240751508746005E+00 9.9931400375926696E-03 3.9189649076140426E-03
1.7768958231329268E-01 1.1280831946337797E+00 9.8457928878681357E-03 3.8075803346346504E-03
1.8157251046473155E-01 1.1321100047193331E+00 9.6992160198617113E-03 3.6984422932618511E-03
1.8553941572723309E-01 1.1361572852167032E+00 9.5531199241030776E-03 3.5922955159616264E-03
1.8959213279065751E-01 1.1402265357408097E+00 9.4071900712592235E-03 3.4907534554354095E-03
1.9373253603273988E-01 1.1443190868774400E+00 9.2611848590942319E-03 3.3939716345451698E-03
1.9796254038598848E-01 1.1484360020730877E+00 9.1150051771805955E-03 3.3007801614670465E-03
2.0228410222333937E-01 1.1525779709463928E+00 8.9687295345637769E-03 3.2091275931604908E-03
2.0669922026297638E-01 1.1567454000333444E+00 8.8225142741314710E-03 3.1143943527441975E-03
2.1120993649273689E-01 1.1609387685557904E+00 8.6763136143709826E-03 3.0206671980599858E-03
2.1581833711452914E-01 1.1651584401157795E+00 8.5299641554168228E-03 2.9300411668494357E-03
2.2052655350919836E-01 1.1694042127074269E+00 8.3830834712894826E-03 2.8397921209983826E-03
2.2533676322228852E-01 1.1736759923517199E+00 8.2355123265425018E-03 2.7539529821072866E-03
2.3025119097115526E-01 1.1779737988882177E+00 8.0873685110968742E-03 2.6718824332665429E-03
2.3527210967389511E-01 1.1822977496453126E+00 7.9387974683604035E-03 2.5919233760269018E-03
2.4040184150056815E-01 1.1866478194480223E+00 7.7898589697496974E-03 2.5134670203146602E-03
2.4564275894719934E-01 1.1910234918163738E+00 7.6405162505897451E-03 2.4370052438933464E-03
2.5099728593305592E-01 1.1954236204705448E+00 7.4906955782824839E-03 2.3634756497024449E-03
2.5646789892170718E-01 1.1998463781431965E+00 7.3404101051426241E-03 2.2923660907609475E-03
2.6205712806638704E-01 1.2042890919928455E+00 7.1898372391799859E-03 2.2212018783649601E-03
2.6776755838018729E-01 1.2087483530379288E+00 7.0391683143731024E-03 2.1502326637044835E-03
2.7360183093162316E-01 1.2132207118858518E+00 6.8886861476263814E-03 2.0811139925469603E-03
2.7956264406612596E-01 1.2177018117395497E+00 6.7384958554808517E-03 2.0124984363493622E-03
2.8565275465402440E-01 1.2221868251075823E+00 6.5889251551592603E-03 1.9469394698539233E-03
2.9187497936559487E-01 1.2266703616206687E+00 6.4403249721446659E-03 1.8834314615180287E-03
2.9823219597376843E-01 1.2311466217101874E+00 6.2927953711537851E-03 1.8209011176209698E-03
3.0472734468509843E-01 1.2356095379069312E+00 6.1461482940418097E-03 1.7601204584569681E-03
3.1136342949960283E-01 1.2400525992934326E+00 6.0001306475305598E-03 1.7018985537318940E-03
3.1814351960011139E-01 1.2444686589644074E+00 5.8546983754789086E-03 1.6451075880042809E-03
3.2507075077175995E-01 1.2488502372455450E+00 5.7100115998758878E-03 1.5889311195930948E-03
3.3214832685228790E-01 1.2531896080776170E+00 5.5662576575968223E-03 1.5350955539705799E-03
3.3937952121381015E-01 1.2574777238341972E+00 5.4235357747717382E-03 1.4829215694837990E-03
3.4676767827674815E-01 1.2617038732384518E+00 5.2823580250813962E-03 1.4335672372920590E-03
3.5431621505662181E-01 1.2658557218719861E+00 5.1432640318880623E-03 1.3857606841179012E-03
3.6202862274441544E-01 1.2699198669540341E+00 5.0064211748726125E-03 1.3398060160175640E-03
3.6990846832125013E-01 1.2738822849574709E+00 4.8717869456723559E-03 1.2966203734258738E-03
3.7795939620810959E-01 1.2777273867818022E+00 4.7395697009086218E-03 1.2550764922921725E-03
3.8618512995138066E-01 1.2814368568966574E+00 4.6103006311445510E-03 1.2154644152528437E-03
3.9458947394499028E-01 1.2849900420104803E+00 4.4846078541001394E-03 1.1773330548350289E-03
4.0317631518993419E-01 1.2883642965116424E+00 4.3632765706548213E-03 1.1421683574822708E-03
4.1194962509201088E-01 1.2915361554413567E+00 4.2472886244742849E-03 1.1096485563714513E-03
4.2091346129859297E-01 1.2944827829173211E+00 4.1374847753611662E-03 1.0801371201688192E-03
4.3007196957528543E-01 1.2971824014603068E+00 4.0350237108046907E-03 1.0542519283314883E-03
4.3942938572333790E-01 1.2996141378311696E+00 3.9416671635248875E-03 1.0305103853286463E-03
4.4899003753869843E-01 1.3017574295997998E+00 3.8592272559095087E-03 1.0097949930040434E-03
4.5875834681361588E-01 1.3035878112393371E+00 3.7890238149044008E-03 9.9145348520357740E-04
4.6873883138171368E-01 1.3050747075884999E+00 3.7322669362445239E-03 9.7746602638685057E-04
4.7893610720748392E-01 1.3061834203674307E+00 3.6902209293614599E-03 9.6761032358372604E-04
4.8935489052116621E-01 1.3068766172769839E+00 3.6640162553646608E-03 9.6268204795275534E-04
5.0000000000000000E-01 1.3071157760601866E+00 3.6549875626362954E-03 9.5824816237961830E-04
